0 0.333314 0.565252
1 0.778165 -0.170401
2 0.654402 0.828772
3 0.158096 0.471412
4 -0.496751 0.695507
5 1.40342 -0.552614
6 1.26866 -0.472925
7 0.697234 0.0300481
8 0.299904 0.423395
9 1.26078 -0.598816
10 0.440081 0.711228
11 -0.503596 0.561383
12 0.0130633 1.19227
13 1.21693 -0.536977
14 0.233777 0.772302
15 0.0315256 0.477379
16 0.335726 0.82496
17 1.02169 -0.548268
18 0.0234801 0.640356
19 0.831678 -0.0372537
20 0.395541 0.594237
21 0.0179198 0.752705
22 0.97492 -0.861978
23 0.0613891 0.346561
24 -0.0607633 0.683295
25 0.814328 -0.592478
26 0.718189 -0.456792
27 0.801393 -0.350426
28 0.566368 0.241267
29 0.0289256 0.831529
30 0.706101 0.256442
31 1.10346 -0.857491
32 1.43762 -0.800689
33 0.206748 0.887967
34 0.366161 1.04486
35 -0.256003 1.04679
36 0.468686 0.26143
37 0.320522 0.722847
38 0.317393 0.949206
39 0.896784 -0.029345
40 0.348198 0.495153
41 1.07217 -0.401032
42 0.550261 0.578102
43 0.252167 1.06036
44 0.51289 0.899549
45 0.0718839 0.571076
46 0.266433 1.42283
47 0.557812 0.462433
48 1.51181 -0.344327
49 0.41145 1.40261
50 0.203678 0.667102
51 -0.159334 0.610809
52 0.169086 0.796906
53 0.505783 1.24236
54 1.01056 -0.262361
55 -0.275432 0.43645
56 1.54688 -0.588936
57 1.2003 -0.367673
58 0.265014 1.28498
59 0.179013 0.325708
60 1.63793 -1.02361
61 0.572847 1.01665
