1 0.0425588 0.726424
2 0.187761 0.64
3 0.470894 0.737961
4 0.170451 0.85763
5 -0.308799 0.581516
6 -0.458547 0.761491
7 -0.450254 0.632221
8 0.243232 0.908013
9 0.469659 0.532389
10 0.76836 0.799015
11 -0.317818 0.762529
12 -0.246126 1.04611
13 -0.0109997 1.05943
14 0.349849 0.673506
15 1.02207 0.202276
16 0.703928 0.159899
17 -0.741727 0.676352
18 -0.0622137 0.473974
19 0.909402 0.189538
20 0.314151 0.477655
21 1.04487 0.319881
22 -0.0992575 0.793945
23 0.824212 0.115963
24 1.02398 0.629486
25 0.933607 1.01464
26 1.0419 0.894337
27 1.22736 0.418156
28 0.874177 0.772005
29 0.673989 0.863755
30 1.07873 0.467906
31 0.504321 0.393314
32 0.652109 0.7473
33 0.785421 0.407532
34 0.774955 0.483875
